573
0 1 1.20
0 2 -12.88
0 3 -6.57
0 4 1.21
0 5 6.27
1 2 -10.57
2 5 18.99
3 5 18.21
2 4 17.39
3 4 8.02
2 3 8.05
6 7 8.77
6 8 -6.77
6 9 1.94
8 7 12.92
9 7 8.64
8 10 -2.26
9 10 -7.01
8 11 -4.80
9 11 -7.94
8 9 5.90
12 13 -4.68
14 13 4.16
13 15 8.10
13 16 -7.16
17 13 -6.97
18 13 6.61
19 13 0.67
20 15 -1.89
17 15 0.08
15 16 -10.16
12 15 -1.55
15 21 -18.06
14 15 5.21
12 18 -12.91
12 19 -5.80
20 16 -8.04
17 16 -12.49
20 22 -1.60
20 12 1.01
22 21 -16.49
14 22 6.57
23 24 3.38
25 24 -5.83
26 24 0.41
27 24 -0.89
28 24 -4.01
29 24 -0.56
30 24 6.17
31 24 8.11
24 32 9.13
24 33 -4.65
27 34 -0.71
27 28 1.18
35 34 4.16
34 36 7.57
34 37 -9.70
23 30 -1.47
31 30 1.02
23 31 -2.65
31 33 2.94
31 32 9.15
38 37 -22.45
37 39 9.81
36 37 -15.05
35 37 -4.72
40 39 4.79
41 39 4.90
40 42 0.52
42 29 1.03
41 42 1.42
25 28 2.07
26 28 3.15
38 36 -8.27
43 44 -2.36
45 44 -6.59
46 47 -4.29
48 47 -2.69
43 47 0.65
49 47 4.27
43 45 7.69
49 45 14.91
46 45 7.46
48 45 9.25
43 50 -2.82
49 50 0.61
43 49 -6.32
43 51 6.24
43 52 1.33
46 43 -0.31
46 49 -8.08
49 52 9.28
53 52 0.90
51 52 1.75
51 53 1.13
54 55 10.24
56 55 -3.86
57 55 -4.16
58 55 -5.93
59 55 -2.33
55 60 2.07
55 61 -0.02
62 55 7.86
63 55 -0.74
64 55 2.09
65 55 1.94
66 55 5.50
67 55 2.11
68 60 11.40
69 60 -0.77
57 60 1.02
57 69 0.28
68 57 6.73
54 69 10.94
54 63 14.17
54 64 1.89
54 70 6.81
54 71 13.11
54 65 8.70
54 66 2.62
54 72 2.95
70 65 1.56
71 65 -7.55
73 74 -4.31
75 74 -3.09
76 74 -6.51
61 74 -1.60
58 74 -12.89
76 77 1.65
73 76 5.31
75 76 2.82
73 78 0.41
79 62 -1.20
62 67 5.70
62 80 7.80
79 81 -2.43
79 82 14.56
79 83 13.41
81 77 8.84
81 82 12.24
84 77 -0.28
68 78 -0.75
59 78 -6.01
68 56 8.17
84 72 -6.36
67 80 3.62
82 83 4.38
85 86 9.36
87 86 -2.00
88 86 -1.49
89 86 2.40
86 90 -4.41
87 85 -15.21
85 91 18.00
88 85 -11.32
87 88 -2.08
87 92 5.35
87 89 -4.11
87 93 -14.65
87 94 2.87
88 90 -7.77
92 93 -21.20
89 92 11.68
89 93 -9.85
89 94 8.67
95 91 4.45
90 91 11.26
95 90 -10.96
96 97 3.53
98 97 6.48
97 99 5.14
97 100 5.77
96 101 5.78
98 101 4.70
96 98 1.69
98 102 8.77
98 103 3.11
98 104 -2.51
98 105 -6.15
98 106 9.54
98 107 13.66
98 108 6.86
98 109 2.49
98 110 1.36
98 111 9.00
98 112 11.99
105 104 3.30
104 110 3.13
104 109 1.76
104 111 16.83
104 106 15.00
96 104 -2.79
104 103 3.63
104 102 10.96
104 113 2.34
104 114 12.91
96 105 -2.73
96 112 12.69
96 108 7.52
96 100 6.18
96 99 11.93
96 107 14.32
96 106 15.17
105 114 22.57
105 113 5.29
106 115 -4.18
106 116 -3.51
106 117 -3.55
115 116 6.47
115 117 0.47
116 117 -1.89
107 118 -10.13
107 119 -9.58
107 120 -16.70
118 119 -0.12
118 120 -5.64
119 120 -5.57
121 122 2.99
121 123 -10.03
124 122 5.04
122 123 -11.25
122 125 -7.26
122 126 -15.35
127 122 9.51
127 123 -0.69
124 125 -1.72
124 126 -12.44
127 126 -7.24
124 127 -6.38
128 129 11.23
130 129 10.14
131 129 15.21
132 129 10.77
129 133 4.66
129 134 -5.80
129 135 -7.69
136 129 3.88
128 133 11.85
131 133 11.44
132 133 9.28
130 133 8.32
134 135 -4.14
128 134 4.65
128 135 5.12
137 131 -5.18
131 138 3.58
131 139 12.25
131 136 3.66
132 140 6.81
132 138 5.13
137 132 -4.27
141 138 -4.27
142 138 -9.41
139 138 -1.03
142 139 -9.20
141 142 5.97
140 143 -5.14
140 144 -3.96
140 145 7.67
143 144 4.61
143 145 6.35
144 145 3.62
128 146 10.55
130 146 8.12
128 136 5.02
147 148 3.98
149 148 18.82
150 148 0.17
151 148 5.63
151 152 -9.38
149 151 9.90
151 153 4.77
151 154 8.67
147 151 -4.03
150 151 -4.83
149 152 3.98
155 156 -7.59
149 156 14.67
149 154 16.18
149 157 10.26
149 155 17.42
149 153 12.30
147 149 -12.29
155 153 -4.85
157 155 14.30
154 153 -3.94
158 159 -0.09
160 159 -8.19
161 159 -1.30
162 159 -2.66
163 159 -7.31
164 159 -18.16
165 159 -11.37
166 158 -5.06
158 164 17.05
158 165 9.14
158 167 4.20
158 162 -0.32
158 163 6.80
158 160 3.65
158 161 -5.91
166 164 12.64
164 167 -18.63
166 165 6.31
166 162 -3.54
168 169 -5.26
170 169 -15.83
171 169 -9.79
172 173 -1.87
168 173 7.40
170 173 -2.11
174 173 7.74
168 175 8.24
168 176 7.48
168 170 10.53
168 174 -2.28
172 168 -13.67
170 175 2.60
170 176 -1.88
174 176 9.79
170 174 -16.20
172 171 -5.70
177 178 1.75
179 178 -2.76
180 178 -6.07
178 181 0.33
177 180 8.59
177 181 1.81
177 179 3.64
177 182 2.72
179 180 3.06
179 181 -2.04
179 182 -4.50
183 184 14.17
183 185 20.37
186 184 -5.82
187 184 5.98
184 188 -11.74
188 185 19.22
189 185 11.34
186 185 -0.31
187 188 -1.64
186 188 -15.67
188 189 6.02
186 189 -10.45
187 190 10.66
187 191 10.83
187 186 14.09
190 191 -0.48
192 193 -2.08
192 194 6.09
193 195 10.60
193 194 12.82
193 196 17.56
197 193 -15.20
198 193 -12.92
193 199 1.33
193 200 8.18
201 193 0.08
202 194 7.36
197 194 -5.15
195 194 -2.10
203 194 -3.57
204 197 9.28
197 195 -2.73
205 198 8.75
206 198 1.43
206 207 -9.85
207 203 15.73
207 208 6.17
205 207 -2.57
207 209 15.06
207 210 13.82
202 207 -5.77
204 196 11.48
204 199 0.27
211 199 -11.13
204 200 1.51
205 211 11.01
206 211 5.12
204 211 6.60
211 208 -7.81
205 206 3.45
205 201 -0.09
205 204 5.14
206 210 4.63
206 209 5.78
206 204 -2.19
204 208 -1.87
202 203 9.88
212 213 -3.13
214 212 7.62
215 212 8.31
214 213 0.82
216 217 0.81
217 214 0.09
216 214 -0.34
218 214 -4.59
216 219 -7.06
219 215 4.78
216 215 -4.66
218 215 -6.31
215 220 -5.35
216 218 3.76
218 221 -7.27
218 222 1.70
218 223 -2.87
223 222 1.70
216 222 5.93
216 224 -8.10
216 223 -0.83
216 221 -4.66
224 223 10.50
224 220 -1.56
224 221 4.40
225 226 -3.83
227 226 4.95
228 226 7.48
229 226 0.48
230 226 10.61
231 226 11.49
225 227 -5.04
227 232 4.97
233 232 -0.96
234 232 11.08
232 235 -9.44
236 232 -4.25
225 232 -8.84
233 234 -9.16
234 235 2.70
225 235 -16.73
233 235 -7.68
233 236 0.88
225 233 -8.69
225 228 -8.36
225 229 -1.83
225 230 -10.90
225 231 -15.95
237 238 2.77
239 238 -10.89
238 240 0.12
237 239 5.81
239 240 -8.43
237 240 1.79
241 242 13.04
242 243 -4.25
242 244 -1.17
242 245 -5.47
242 246 3.99
242 247 -9.20
248 242 13.49
249 246 13.98
250 246 -1.05
244 246 7.14
243 246 8.78
241 251 4.48
248 251 7.17
241 250 19.28
248 250 20.30
250 247 -13.61
250 245 -4.99
241 248 -0.98
241 252 -1.42
241 253 9.27
241 249 -1.58
248 249 3.95
248 252 6.75
248 253 9.97
249 247 1.86
254 255 -1.77
256 255 -13.39
257 255 -5.13
258 256 -5.96
259 256 -0.43
260 256 4.09
261 256 3.80
256 262 -6.29
257 256 7.56
258 260 -11.18
259 260 -5.87
261 262 -2.15
259 261 -4.91
254 262 3.82
263 254 -5.41
264 254 -11.38
254 257 4.17
254 265 11.42
259 254 -13.41
264 257 -4.04
257 265 4.00
263 257 -4.60
264 265 -3.30
266 267 -10.01
266 268 -7.77
266 269 -2.10
270 266 3.19
266 271 3.86
272 267 -9.91
272 273 3.30
267 274 10.07
267 275 20.61
267 276 6.86
274 275 10.35
274 276 -1.85
275 276 -12.27
269 277 8.85
269 278 2.22
269 279 -0.90
280 277 8.49
277 278 0.16
277 279 -9.26
281 273 11.00
282 273 3.74
281 282 7.48
281 280 13.03
268 271 8.30
270 268 3.62
270 271 14.79
283 284 -4.96
285 284 -2.44
286 284 5.69
287 284 -11.59
283 288 -6.89
289 288 -0.39
283 286 -7.66
289 290 -4.52
290 291 1.81
290 292 4.35
293 291 -21.19
291 292 0.37
285 293 16.82
293 294 -5.83
293 295 -4.59
293 296 -13.04
293 297 -7.01
294 296 -2.54
294 297 -1.27
294 287 -1.04
283 294 5.00
283 295 9.76
298 299 -8.21
300 299 1.05
301 299 -5.64
302 300 -4.92
300 303 4.78
304 303 -1.22
303 305 -7.70
306 305 -1.33
304 305 -6.40
298 307 -18.00
308 307 -15.35
298 309 -1.33
310 298 5.77
306 309 4.70
311 306 0.30
311 308 5.29
311 312 2.90
306 313 -0.13
314 313 -4.66
302 315 -4.02
314 301 7.44
315 316 3.50
316 308 1.45
314 317 5.89
314 318 -6.67
319 318 2.35
319 315 5.83
319 310 13.49
319 317 7.71
310 312 -2.80
320 321 -11.96
321 322 10.07
323 321 -17.51
321 324 11.51
325 320 2.89
320 323 10.05
320 326 0.67
320 324 -0.84
320 327 4.77
320 328 -1.77
320 329 -0.50
320 330 1.58
320 331 -6.85
320 332 -2.42
320 333 0.06
334 320 -0.18
323 326 -8.08
325 323 8.11
323 322 -7.63
326 324 -3.42
326 327 5.55
332 327 8.02
327 328 0.31
332 328 5.12
332 329 0.36
332 330 2.36
332 331 1.58
332 333 1.26
335 325 -5.08
322 336 -1.56
322 337 -6.78
322 338 2.45
322 339 0.48
336 337 -5.06
336 338 2.32
336 339 7.42
335 336 -9.14
337 338 12.48
335 334 -2.78
340 341 -5.56
341 342 1.61
341 343 3.61
344 341 0.39
345 342 -5.87
340 342 -4.30
344 342 3.24
342 346 2.81
342 347 2.12
342 348 -7.99
340 349 -6.54
345 349 -6.98
350 349 0.38
349 351 6.76
349 352 0.51
349 353 1.83
349 354 5.77
355 356 0.35
345 356 -5.25
340 357 -3.61
357 355 -3.15
345 357 0.42
357 358 0.03
340 355 -3.50
345 355 -2.90
340 359 -1.94
345 359 -3.43
345 343 -1.91
340 360 -0.74
345 360 1.75
345 344 -5.77
345 350 -0.24
345 348 -11.71
345 361 0.24
345 362 12.77
345 363 -12.69
345 364 1.06
345 365 -10.75
344 363 -6.55
344 364 4.70
344 362 15.55
344 354 7.31
344 353 -2.04
344 352 1.69
344 351 5.28
344 366 -6.62
344 367 8.50
368 347 4.08
340 368 -3.88
340 346 0.86
340 366 -12.86
340 369 -0.24
340 370 -5.84
340 371 -3.74
340 372 -9.63
340 367 -1.87
340 373 -18.73
340 374 -7.77
340 375 -4.22
340 358 -0.07
340 376 -8.15
340 347 -1.64
340 377 2.61
340 378 -12.39
379 347 -1.58
374 347 7.43
376 347 7.04
365 362 19.27
379 370 -6.76
379 365 -11.04
378 361 13.20
379 373 -16.52
378 373 -1.98
358 377 1.55
379 358 -5.06
379 378 -5.58
379 371 -2.95
379 369 1.89
379 375 -3.82
379 372 -10.02
380 381 -5.72
382 383 6.96
384 383 -4.80
385 383 7.23
386 383 2.44
382 387 0.56
388 387 3.08
387 385 -0.50
389 382 3.26
382 388 -1.04
389 388 -0.24
389 390 3.53
390 391 0.16
389 386 2.66
389 392 9.69
389 393 5.38
384 392 1.23
394 393 4.77
384 393 -4.31
384 395 -9.05
384 394 -8.35
396 395 -0.22
396 391 1.79
397 398 -12.76
397 399 -8.59
400 398 -4.60
398 399 3.34
401 398 0.04
402 398 -4.95
403 399 4.86
404 399 -6.23
401 405 -1.31
402 405 -5.33
401 406 3.12
402 406 0.21
403 401 7.83
401 402 4.76
407 401 -2.90
408 401 0.96
409 401 -0.84
403 402 12.39
402 410 -0.06
400 411 5.68
403 411 14.14
400 412 -11.83
413 412 -14.05
403 412 -0.53
400 413 0.85
403 413 9.85
400 404 4.71
400 403 -6.97
400 414 -1.00
400 407 -2.81
403 409 5.12
403 407 6.04
403 408 0.59
403 410 10.02
403 414 2.83
415 416 1.56
415 417 0.37
416 418 -1.18
419 420 5.70
420 417 -2.60
420 421 -9.93
420 422 -14.64
419 423 0.74
419 421 -1.37
419 422 -10.18
423 424 -6.72
425 418 -10.39
426 418 3.24
425 424 -13.66
425 426 -6.57
427 428 2.51
429 427 -11.50
430 428 4.22
431 432 2.00
433 432 10.22
429 432 -5.98
431 434 -10.81
431 435 -10.98
431 433 -10.07
436 433 -2.76
437 438 1.55
438 439 1.21
440 438 -5.33
438 441 -8.25
437 439 6.27
442 441 -18.69
442 443 -3.85
442 444 -11.13
429 442 7.09
441 443 15.72
441 444 7.91
429 445 -10.47
440 445 -10.86
446 440 6.05
437 447 -2.60
435 447 1.61
436 429 10.44
448 429 -0.79
448 449 -0.20
446 449 2.96
446 430 -5.48
449 450 -1.88
450 434 -4.44
451 452 -1.72
452 453 0.81
452 454 3.50
452 455 -3.03
456 453 -5.45
453 457 5.61
453 454 7.87
451 453 -0.52
457 454 -2.33
456 454 1.48
454 458 -5.28
459 454 5.53
456 458 -2.57
460 461 -3.50
462 461 -13.78
456 461 -10.48
459 461 -5.93
463 461 -11.72
464 461 -9.54
459 463 7.10
463 465 -6.62
456 463 3.35
460 463 8.27
462 463 -1.24
459 464 3.44
459 455 -3.73
459 456 3.41
456 455 -7.75
464 465 -3.54
460 466 1.32
451 466 -0.41
467 468 6.16
467 469 -11.60
467 470 0.83
471 467 1.30
472 469 -3.37
471 469 -8.15
469 470 11.00
468 469 -15.60
472 470 5.14
471 470 -2.06
471 468 8.65
473 474 12.42
475 474 7.20
476 474 8.98
477 474 4.64
478 474 6.12
479 474 11.73
480 474 15.69
475 478 1.63
475 477 4.71
475 481 3.64
473 475 4.35
473 478 4.34
477 481 -2.17
476 477 3.89
476 481 1.09
476 479 -2.20
476 480 -8.32
482 483 -3.57
483 484 -2.49
483 485 -1.43
486 483 -1.50
482 484 -4.85
487 485 -0.30
487 488 4.92
487 489 -2.26
487 490 -4.05
487 491 -4.03
489 492 0.17
482 486 -3.50
482 493 -2.27
482 494 -0.88
493 492 -4.40
495 494 5.82
495 492 1.98
495 496 2.80
497 496 0.27
495 490 -1.27
495 488 8.82
497 498 -5.02
499 491 0.94
500 491 -1.06
501 491 2.82
500 498 -3.74
500 501 -3.82
499 500 -1.09
502 503 1.39
504 503 10.44
505 503 14.95
506 503 10.38
507 503 9.50
508 503 11.26
504 509 -4.92
506 509 -5.09
502 509 -14.72
505 509 -2.49
504 506 -1.69
504 508 -0.77
504 510 0.07
504 511 2.19
512 504 1.22
502 506 -10.77
502 510 -13.14
512 507 -1.48
507 511 1.87
512 511 1.04
512 508 -0.18
513 514 2.04
514 515 -4.05
516 517 7.36
518 517 6.37
519 517 9.15
517 520 -0.82
513 520 6.32
521 520 4.36
522 519 0.47
523 519 -4.69
519 524 11.89
519 525 -0.25
519 526 10.23
519 527 2.89
519 528 6.59
519 529 2.49
519 530 -1.22
519 531 4.04
519 532 -1.42
519 533 8.00
521 519 -1.46
534 524 12.37
535 533 7.76
536 533 -2.84
537 533 5.76
538 533 2.21
522 533 14.62
523 533 5.96
536 539 -7.24
540 539 -3.77
538 541 -10.71
538 542 -3.92
538 527 2.17
538 528 -2.34
513 543 -1.91
513 544 -0.81
545 543 0.62
543 541 -2.89
545 531 5.21
545 546 6.44
546 547 -9.21
548 546 11.24
549 546 4.54
550 546 -0.56
545 534 -0.33
545 540 6.64
545 551 0.22
537 515 -1.85
537 552 1.47
537 553 -5.46
552 554 -5.75
555 554 -7.26
551 553 -8.54
535 550 8.37
556 532 -6.99
557 532 -1.33
556 530 -6.79
557 530 -0.67
556 548 -7.85
555 542 -8.44
555 547 -6.77
558 555 8.97
518 558 -5.66
516 529 -3.38
516 544 -2.47
516 549 4.14
516 525 -0.35
516 526 4.49
559 560 -4.88
561 560 -11.45
562 560 -7.39
563 560 -5.43
564 560 -7.69
565 560 2.66
566 560 -6.40
560 567 9.56
568 560 -4.04
563 565 -3.17
566 565 -9.08
559 565 -6.50
561 565 -16.28
564 565 -8.13
563 566 -0.05
563 569 4.86
562 563 0.20
563 570 3.76
561 562 -5.52
564 571 -10.58
564 572 -4.08
564 567 2.12
564 569 -0.32
569 572 -3.59
569 571 -5.71
568 569 3.09
568 570 4.74
0 86 1.62
0 164 6.65
0 173 0.86
0 184 -0.66
0 195 2.68
0 233 0.42
0 288 -8.77
0 327 3.41
340 0 -3.26
402 0 -0.69
0 503 5.72
0 546 5.80
177 1 4.05
43 4 4.22
310 4 -1.60
7 15 -1.84
62 7 15.55
8 148 11.39
8 273 8.35
8 416 6.47
8 427 2.51
13 156 1.01
13 273 -2.64
425 13 1.90
13 427 -7.61
76 15 4.52
104 24 8.17
138 24 1.15
460 24 4.48
467 24 -1.47
475 24 2.62
487 24 1.65
24 567 -1.23
212 32 -2.21
235 45 18.27
402 45 4.39
87 50 -5.93
206 50 -3.76
310 50 -7.37
43 126 -5.74
43 166 0.30
43 175 6.71
43 188 -8.85
43 284 -6.45
43 327 2.85
43 341 -0.95
43 383 2.55
43 507 -3.95
43 532 -0.21
46 179 1.49
55 156 7.05
62 273 15.01
62 415 12.06
62 432 14.24
177 86 1.64
293 86 -10.08
400 85 -8.14
87 126 -13.62
87 341 -7.38
87 383 -2.55
87 507 -5.81
87 532 -5.21
88 320 -1.24
162 92 16.51
170 92 1.87
188 92 22.21
319 92 16.32
205 93 -4.72
235 94 11.03
104 487 3.26
104 560 3.74
96 133 12.92
96 221 1.31
105 458 10.56
105 467 13.74
105 474 16.38
168 121 6.33
335 121 4.67
402 122 4.24
122 505 -18.35
122 537 -7.54
162 126 -1.51
235 126 -4.44
383 126 -8.10
187 124 4.53
205 124 8.99
293 124 -9.38
319 124 10.67
218 133 2.62
131 461 -2.50
131 469 -1.46
131 475 7.16
131 564 9.14
132 500 1.29
266 148 6.02
425 156 -3.08
439 153 2.02
158 232 6.92
158 326 -0.51
340 158 -7.74
158 503 7.21
545 158 -2.57
170 166 -7.69
179 162 -6.53
187 162 3.08
205 162 3.41
293 162 -15.32
319 162 4.44
162 383 5.84
162 398 1.83
293 169 -24.35
177 173 6.30
310 173 2.42
340 173 -3.20
545 173 6.19
186 175 -3.95
170 193 -14.87
170 232 -4.44
170 326 -6.87
170 512 -10.78
396 174 -3.68
400 172 9.91
177 183 -12.51
177 197 14.42
177 232 4.38
177 289 -5.44
310 177 -4.19
177 320 0.64
368 177 -2.79
177 503 6.34
177 519 -2.32
235 189 0.28
187 206 6.30
187 289 1.09
187 314 6.82
187 320 9.41
187 341 4.62
187 383 8.01
187 402 11.07
187 507 4.95
187 545 6.53
205 289 0.80
205 314 8.72
205 320 9.28
205 341 4.96
205 383 7.30
205 402 10.87
205 507 1.38
205 545 5.39
206 235 -5.66
452 212 6.96
469 212 12.93
212 572 -4.22
493 213 1.50
223 477 1.79
235 284 -1.08
235 327 9.87
340 235 -9.98
235 383 7.53
402 235 -9.68
235 507 0.69
235 532 2.99
310 233 -0.80
241 255 1.61
248 254 0.87
266 429 4.77
425 273 -4.64
391 286 -9.75
298 291 -14.43
293 340 -6.07
293 545 -13.10
294 503 -0.97
283 332 -4.09
368 299 -0.93
298 507 -3.34
314 320 1.68
319 545 4.93
310 397 7.90
340 320 -5.62
518 324 -2.24
507 327 12.41
400 335 0.30
396 334 0.34
400 341 -3.86
340 507 -9.29
340 542 -4.44
351 392 5.62
400 383 0.27
396 502 8.29
396 520 6.87
400 505 -8.75
400 552 0.04
423 427 -7.87
452 470 3.70
564 453 -6.54
492 461 -4.14
456 480 -11.74
467 474 2.77
487 467 4.18
564 467 -3.34
475 560 -3.84
492 477 0.58
487 567 3.80
507 532 1.74
frag.vs.440 554
frag.vs.481 531
frag.vs.441 571
frag.vs.482 532
frag.vs.400 188
frag.vs.442 572
frag.vs.483 74
frag.vs.401 195
frag.vs.484 542
frag.vs.443 5
frag.vs.402 15
frag.vs.262_0 182
frag.vs.485 318
frag.vs.444 47
frag.vs.170 152
frag.vs.403 16
frag.vs.262_1 181
frag.vs.130 557
frag.vs.486 305
frag.vs.445 21
frag.vs.171 1
frag.vs.131 407
frag.vs.487 307
frag.vs.446 189
frag.vs.172 154
frag.vs.405 45
frag.vs.488 485
frag.vs.447 461
frag.vs.406 413
frag.vs.132 388
frag.vs.173 148
frag.vs.489 547
frag.vs.133 408
frag.vs.448 308
frag.vs.174 89
frag.vs.449 517
frag.vs.134 424
frag.vs.175 219
frag.vs.409 565
frag.vs.176 218
frag.vs.135 341
frag.vs.177 174
frag.vs.136 295
frag.vs.137 401
frag.vs.178 201
frag.vs.138 402
frag.vs.179 69
frag.vs.139 410
p-nPentylbenzamidine 501
CRA-16847 79
frag.vs.396_0 140
frag.vs.396_1 143
benzthiazole_analog_1 131
frag.vs.396_2 144
benzthiazole_analog_2 205
frag.vs.396_3 145
benzthiazole_analog_3 132
benzthiazole_analog_4 187
frag.vs.290 421
CRA-18305 81
frag.vs.291 467
frag.vs.250 429
frag.vs.251 437
frag.vs.292 372
frag.vs.210 365
frag.vs.293 367
frag.vs.252 34
frag.vs.211 263
frag.vs.294 447
frag.vs.253 440
frag.vs.212 264
frag.vs.254 561
frag.vs.295 550
frag.vs.213 483
frag.vs.255 562
frag.vs.214 484
frag.vs.296 468
frag.vs.256 523
frag.vs.215 254
frag.vs.297 221
frag.vs.257 371
frag.vs.298 59
frag.vs.258 496
frag.vs.217 257
frag.vs.299 127
frag.vs.259 543
frag.vs.218 512
APC-1-762 96
frag.vs.219 462
frag.vs.096_0 227
frag.vs.096_1 226
CHEBI_254833 241
pyridine_template_III 255
frag.vs.328_0 278
frag.vs.328_1 279
frag.vs.407_0 160
frag.vs.407_1 161
frag.vs.370 332
frag.vs.371 477
frag.vs.330 245
frag.vs.331 505
frag.vs.372 333
frag.vs.332 551
frag.vs.373 544
frag.vs.374 507
frag.vs.333 453
frag.vs.375 511
frag.vs.334 457
frag.vs.060 448
frag.vs.376 503
frag.vs.061 449
frag.vs.335 363
frag.vs.377 536
frag.vs.062 27
frag.vs.021 283
frag.vs.336 364
frag.vs.378 537
frag.vs.063 513
frag.vs.022 285
frag.vs.337 362
frag.vs.064 514
frag.vs.379 438
frag.vs.338 432
frag.vs.023 293
frag.vs.065 430
frag.vs.024 344
frag.vs.339 24
frag.vs.066 521
frag.vs.025 202
frag.vs.067 136
frag.vs.026 317
frag.vs.027 17
frag.vs.028 43
frag.vs.029 340
APC-7377 128
p-nEthylbenzamidine 498
APC-1144 98
frag.vs.323_0 336
frag.vs.323_1 337
frag.vs.323_2 338
frag.vs.323_3 339
frag.vs.490 78
frag.vs.491 91
frag.vs.450 273
frag.vs.451 444
frag.vs.492 276
frag.vs.410 194
frag.vs.452 529
frag.vs.493 393
frag.vs.411 169
frag.vs.453 530
frag.vs.494 399
frag.vs.412 376
frag.vs.454 520
p-nPropylbenzamidine 491
frag.vs.495 445
frag.vs.180 186
frag.vs.413 157
frag.vs.496 567
frag.vs.140 535
frag.vs.455 398
frag.vs.181 52
frag.vs.414 274
frag.vs.456 533
frag.vs.415 384
frag.vs.100 304
frag.vs.497 222
frag.vs.182 175
frag.vs.141 63
frag.vs.101 486
frag.vs.416 392
frag.vs.498 271
frag.vs.457 155
frag.vs.183 192
frag.vs.142 306
frag.vs.102 460
frag.vs.417 385
frag.vs.499 125
frag.vs.458 213
frag.vs.184 86
frag.vs.418 395
frag.vs.459 287
frag.vs.185 210
frag.vs.144 289
frag.vs.103 56
frag.vs.145 475
frag.vs.186 66
frag.vs.419 44
frag.vs.104 107
frag.vs.187 184
frag.vs.146 281
frag.vs.105 300
frag.vs.188 101
frag.vs.147 266
frag.vs.106 258
frag.vs.148 559
frag.vs.107 473
frag.vs.189 176
frag.vs.149 42
frag.vs.108 320
frag.vs.109 323
frag.vs.018_0 25
CRA-19858 62
frag.vs.018_1 26
frag.vs.068_0 380
frag.vs.068_1 381
CRA-8249 104
frag.vs.038_0 19
frag.vs.038_1 18
p-nButylbenzamidine 500
frag.vs.220 142
frag.vs.221 58
frag.vs.263 134
frag.vs.222 215
frag.vs.264 563
frag.vs.223 173
frag.vs.265 502
frag.vs.224 22
frag.vs.157_0 106
frag.vs.266 138
frag.vs.225 3
frag.vs.157_1 115
frag.vs.267 427
frag.vs.226 406
frag.vs.157_2 116
frag.vs.268 570
frag.vs.227 204
frag.vs.157_3 117
frag.vs.269 480
frag.vs.228 452
frag.vs.229 564
APC-7538 130
frag.vs.013_0 237
frag.vs.093_0 231
frag.vs.013_1 239
frag.vs.093_1 230
frag.vs.013_2 238
frag.vs.013_3 240
frag.vs.355_0 114
frag.vs.355_1 113
frag.vs.479_0 159
frag.vs.479_1 167
frag.vs.404_0 354
frag.vs.404_1 353
frag.vs.404_2 352
frag.vs.380 566
frag.vs.404_3 351
frag.vs.340 548
frag.vs.381 515
frag.vs.382 519
frag.vs.341 361
frag.vs.300 122
frag.vs.342 470
frag.vs.383 267
frag.vs.301 123
frag.vs.384 538
frag.vs.302 469
frag.vs.343 442
frag.vs.261_0 100
frag.vs.385 539
frag.vs.261_1 99
frag.vs.344 355
frag.vs.070 8
frag.vs.303 373
frag.vs.386 524
frag.vs.345 479
frag.vs.071 225
frag.vs.304 256
frag.vs.030 124
frag.vs.387 441
frag.vs.346 252
frag.vs.072 216
frag.vs.305 313
frag.vs.031 49
frag.vs.388 481
frag.vs.347 465
frag.vs.306 422
frag.vs.073 147
frag.vs.032 310
frag.vs.389 331
frag.vs.348 343
frag.vs.074 149
frag.vs.307 374
frag.vs.033 51
frag.vs.349 324
frag.vs.075 68
frag.vs.308 375
frag.vs.034 294
frag.vs.309 418
frag.vs.076 80
frag.vs.035 6
frag.vs.036 419
frag.vs.077 177
frag.vs.037 431
frag.vs.078 9
frag.vs.079 389
frag.vs.460 327
frag.vs.461 474
frag.vs.420 36
frag.vs.421 412
frag.vs.462 328
frag.vs.463 156
frag.vs.422 316
frag.vs.423 405
frag.vs.464 93
frag.vs.190 236
frag.vs.424 527
frag.vs.150 522
frag.vs.465 185
frag.vs.191 112
frag.vs.151 387
frag.vs.466 61
frag.vs.192 312
frag.vs.425 92
frag.vs.110 150
frag.vs.467 94
frag.vs.193 118
frag.vs.426 60
frag.vs.152 57
frag.vs.111 85
frag.vs.153 478
frag.vs.468 220
frag.vs.194 166
frag.vs.427 299
frag.vs.112 171
frag.vs.469 72
frag.vs.195 97
frag.vs.428 347
frag.vs.154 321
frag.vs.113 249
frag.vs.196 129
frag.vs.429 377
frag.vs.114 259
frag.vs.197 198
frag.vs.115 217
frag.vs.198 214
frag.vs.116 151
frag.vs.199 158
frag.vs.158 0
frag.vs.117 168
frag.vs.159 121
frag.vs.119 411
frag.vs.357_0 33
frag.vs.357_1 32
frag.vs.327_0 269
frag.vs.327_1 277
frag.vs.500 126
frag.vs.270 504
frag.vs.230 433
frag.vs.271 211
frag.vs.231 495
frag.vs.272 208
frag.vs.273 428
frag.vs.232 260
frag.vs.274 569
frag.vs.233 497
frag.vs.275 534
frag.vs.234 494
frag.vs.276 224
frag.vs.235 370
frag.vs.040_0 190
frag.vs.236 29
frag.vs.040_1 191
frag.vs.278 463
frag.vs.237 322
frag.vs.279 342
frag.vs.238 139
frag.vs.239 108
frag.vs.050_0 110
frag.vs.050_1 109
3-phenylpropylammonium 137
frag.vs.020_0 250
frag.vs.020_1 242
frag.vs.390 330
frag.vs.391 443
frag.vs.350 356
frag.vs.392 525
frag.vs.310 464
frag.vs.351 455
frag.vs.393 526
frag.vs.311 346
frag.vs.352 349
frag.vs.312 506
frag.vs.394 329
benzamidine 31
frag.vs.353 223
frag.vs.313 508
frag.vs.080 382
frag.vs.395 77
frag.vs.081 451
frag.vs.314 84
frag.vs.315 489
frag.vs.041 397
frag.vs.397 197
frag.vs.356 253
frag.vs.082 325
frag.vs.316 516
frag.vs.083 426
frag.vs.042 311
frag.vs.001 141
frag.vs.398 193
frag.vs.358 493
frag.vs.043 415
frag.vs.002 319
frag.vs.399 55
frag.vs.084 366
frag.vs.317 212
frag.vs.044 400
frag.vs.003 314
frag.vs.359 262
frag.vs.085 360
frag.vs.318 7
frag.vs.045 404
frag.vs.004 345
frag.vs.086 88
frag.vs.319 76
frag.vs.087 556
frag.vs.046 368
frag.vs.005 302
frag.vs.047 335
frag.vs.006 315
frag.vs.088 28
frag.vs.048 396
frag.vs.007 20
frag.vs.089 301
frag.vs.049 54
frag.vs.008 46
frag.vs.009 73
ZZ-BABCH 248
frag.vs.408_0 162
frag.vs.408_1 163
frag.vs.470 541
frag.vs.430 439
frag.vs.471 303
frag.vs.431 552
frag.vs.472 37
frag.vs.473 199
frag.vs.432 309
frag.vs.433 553
frag.vs.474 275
frag.vs.475 394
frag.vs.434 196
frag.vs.160 13
frag.vs.120 409
frag.vs.476 383
frag.vs.435 135
frag.vs.161 146
frag.vs.121 414
frag.vs.477 39
frag.vs.436 200
frag.vs.162 179
frag.vs.437 555
frag.vs.122 450
frag.vs.163 183
frag.vs.438 528
frag.vs.164 53
frag.vs.123 270
frag.vs.439 560
frag.vs.165 35
frag.vs.124 379
frag.vs.125 391
frag.vs.166 233
frag.vs.126 466
frag.vs.167 50
phenylglycine_drv_11 288
frag.vs.168 268
frag.vs.127 359
frag.vs.169 170
frag.vs.128 350
frag.vs.129 41
phenylglycine_drv_16 286
CRA-15566 105
2-phenylethylammonium 23
methylbenzamidine 490
frag.vs.354_0 246
frag.vs.354_1 247
frag.vs.285_0 102
frag.vs.285_1 103
frag.vs.478_0 119
frag.vs.478_1 120
frag.vs.280 420
frag.vs.240 459
frag.vs.281 417
frag.vs.241 487
frag.vs.282 472
frag.vs.200 234
frag.vs.242 476
frag.vs.283 471
frag.vs.201 164
frag.vs.260_0 180
frag.vs.284 378
frag.vs.243 326
frag.vs.202 165
frag.vs.260_1 178
frag.vs.244 133
frag.vs.203 232
frag.vs.286 4
frag.vs.245 261
frag.vs.204 203
frag.vs.246 568
frag.vs.205 209
frag.vs.247 540
frag.vs.288 416
frag.vs.206 2
frag.vs.248 456
frag.vs.289 348
frag.vs.207 95
frag.vs.249 488
frag.vs.208 90
frag.vs.209 369
benzylammonium 30
frag.vs.069_0 70
frag.vs.069_1 71
frag.vs.039_0 296
frag.vs.039_1 297
phenylglycine_drv_1 290
phenylglycine_drv_2 291
phenylglycine_drv_5 292
phenylglycine_drv_6 284
frag.vs.360 546
frag.vs.361 510
frag.vs.320 235
frag.vs.362 509
frag.vs.321 298
frag.vs.322 549
frag.vs.363 111
frag.vs.364 492
frag.vs.090 386
frag.vs.365 358
frag.vs.091 40
frag.vs.324 357
frag.vs.118_0 243
frag.vs.325 518
frag.vs.051 403
frag.vs.092 390
frag.vs.366 251
frag.vs.010 67
frag.vs.118_1 244
frag.vs.052 545
frag.vs.367 454
frag.vs.011 12
frag.vs.368 458
frag.vs.053 436
frag.vs.012 75
frag.vs.054 446
frag.vs.369 265
frag.vs.095 65
frag.vs.329 558
frag.vs.055 272
frag.vs.014 14
frag.vs.056 423
frag.vs.097 64
frag.vs.015 48
frag.vs.016 482
frag.vs.057 425
frag.vs.098 206
frag.vs.099 207
frag.vs.058 172
frag.vs.017 87
frag.vs.059 334
frag.vs.019 38
frag.vs.277_0 82
p-isopropylbenzamidine 499
frag.vs.277_1 83
frag.vs.094_0 229
frag.vs.094_1 228
frag.vs.287_0 434
frag.vs.287_1 435
frag.vs.326_0 280
frag.vs.326_1 282
frag.vs.143_0 11
frag.vs.143_1 10
frag.vs.480 153
