241 242 13.33
242 243 -2.68
242 244 -1.14
242 245 -3.14
242 246 5.09
242 247 -9.42
248 242 12.96
249 246 14.62
250 246 -0.40
244 246 5.87
243 246 7.19
241 251 6.83
248 251 6.52
241 250 18.36
248 250 18.17
250 247 -14.20
250 245 -7.88
241 248 -0.30
241 252 5.45
241 253 9.79
241 249 3.50
248 249 4.42
248 252 5.29
248 253 10.43
249 247 0.13
254 255 -1.71
256 255 -11.16
257 255 -3.93
258 256 -4.77
259 256 -1.90
260 256 3.58
261 256 4.23
256 262 -7.23
257 256 7.61
258 260 -9.88
259 260 -5.98
261 262 -3.44
259 261 -6.33
254 262 3.57
263 254 -4.00
264 254 -8.00
254 257 2.59
254 265 5.69
259 254 -12.87
264 257 -6.37
257 265 3.23
263 257 -2.92
264 265 -3.27
241 255 0.74
248 254 1.60