6 7 6.73
6 8 -6.44
6 9 -1.52
8 7 13.71
9 7 6.60
8 10 -0.72
9 10 -7.91
8 11 -2.76
9 11 -10.09
8 9 6.21
12 13 -4.01
14 13 6.31
13 15 1.80
13 16 -7.36
17 13 -4.26
18 13 9.06
19 13 2.55
20 15 0.88
17 15 -1.39
15 16 -9.36
12 15 -2.09
15 21 -17.05
14 15 8.56
12 18 -13.26
12 19 -6.51
20 16 -9.16
17 16 -12.13
20 22 -1.79
20 12 1.84
22 21 -14.28
14 22 6.32
54 55 10.80
56 55 -3.49
57 55 -3.23
58 55 -6.01
59 55 -1.82
55 60 3.23
55 61 -4.15
62 55 10.68
63 55 1.34
64 55 1.21
65 55 2.58
66 55 3.38
67 55 1.41
68 60 6.62
69 60 1.75
57 60 -0.79
57 69 -3.21
68 57 7.57
54 69 10.27
54 63 8.43
54 64 7.84
54 70 8.00
54 71 12.74
54 65 8.43
54 66 6.00
54 72 5.29
70 65 1.23
71 65 -5.65
73 74 -4.66
75 74 -2.25
76 74 -6.76
61 74 -2.54
58 74 -12.57
76 77 0.41
73 76 2.53
75 76 4.44
73 78 -1.65
79 62 -1.21
62 67 8.72
62 80 7.74
79 81 2.39
79 82 13.35
79 83 15.19
81 77 10.29
81 82 12.44
84 77 -0.66
68 78 -0.29
59 78 -5.85
68 56 7.56
84 72 -6.41
67 80 -1.91
82 83 2.25
147 148 2.25
149 148 14.56
150 148 1.59
151 148 5.92
151 152 -7.20
149 151 7.01
151 153 4.43
151 154 8.58
147 151 -3.79
150 151 -4.90
149 152 0.27
155 156 -2.03
149 156 14.62
149 154 16.84
149 157 10.15
149 155 17.25
149 153 12.64
147 149 -12.59
155 153 -4.88
157 155 7.07
154 153 -2.92
266 267 -8.94
266 268 -3.06
266 269 0.33
270 266 5.31
266 271 5.75
272 267 -8.76
272 273 2.51
267 274 8.81
267 275 20.15
267 276 7.39
274 275 10.95
274 276 -1.94
275 276 -12.15
269 277 9.52
269 278 3.47
269 279 0.16
280 277 7.11
277 278 -6.65
277 279 -9.19
281 273 11.07
282 273 3.38
281 282 8.40
281 280 11.45
268 271 7.97
270 268 2.08
270 271 10.73
415 416 -2.36
415 417 0.51
416 418 0.27
419 420 6.38
420 417 -6.86
420 421 -8.45
420 422 -13.41
419 423 -0.63
419 421 -2.81
419 422 -8.17
423 424 -6.85
425 418 -5.73
426 418 2.83
425 424 -13.14
425 426 -9.05
427 428 2.15
429 427 -8.74
430 428 3.40
431 432 2.50
433 432 11.34
429 432 -2.78
431 434 -6.50
431 435 -8.76
431 433 -8.87
436 433 -2.57
437 438 6.06
438 439 1.67
440 438 -2.72
438 441 -7.69
437 439 8.49
442 441 -16.25
442 443 -1.56
442 444 -9.61
429 442 2.14
441 443 13.76
441 444 7.76
429 445 -12.68
440 445 -8.85
446 440 2.68
437 447 -1.79
435 447 -0.45
436 429 10.49
448 429 0.31
448 449 -2.51
446 449 2.19
446 430 -5.65
449 450 -5.35
450 434 -2.94
7 15 -0.39
62 7 17.78
8 148 11.82
8 273 7.15
8 416 4.44
8 427 2.99
13 156 2.05
13 273 -1.43
425 13 -2.46
13 427 -7.02
76 15 3.80
55 156 4.45
62 273 11.14
62 415 9.58
62 432 12.44
266 148 6.94
425 156 -1.11
439 153 1.69
266 429 6.48
425 273 -4.56
423 427 -4.08