23 24 3.30
25 24 -1.31
26 24 -1.40
27 24 -1.41
28 24 -3.49
29 24 -0.30
30 24 5.66
31 24 6.78
24 32 2.62
24 33 -1.74
27 34 -0.34
27 28 2.23
35 34 3.55
34 36 6.25
34 37 -9.33
23 30 -0.64
31 30 1.25
23 31 -2.37
31 33 3.88
31 32 9.03
38 37 -21.44
37 39 12.57
36 37 -15.90
35 37 -7.33
40 39 4.15
41 39 4.53
40 42 2.30
42 29 0.42
41 42 2.96
25 28 1.93
26 28 1.77
38 36 -6.81
96 97 2.99
98 97 2.96
97 99 5.74
97 100 5.31
96 101 4.82
98 101 3.24
96 98 1.04
98 102 10.44
98 103 4.59
98 104 -2.16
98 105 -3.61
98 106 11.48
98 107 14.10
98 108 7.20
98 109 2.66
98 110 2.81
98 111 11.54
98 112 11.85
105 104 2.67
104 110 3.13
104 109 3.46
104 111 12.50
104 106 11.95
96 104 -0.34
104 103 5.25
104 102 9.72
104 113 2.33
104 114 16.85
96 105 -3.70
96 112 14.46
96 108 8.32
96 100 8.67
96 99 8.12
96 107 14.82
96 106 12.24
105 114 20.42
105 113 6.08
106 115 -6.46
106 116 -0.70
106 117 -5.65
115 116 6.97
115 117 -0.34
116 117 -5.13
107 118 -10.15
107 119 -9.54
107 120 -12.74
118 119 0.80
118 120 -1.51
119 120 -3.68
128 129 11.00
130 129 8.95
131 129 12.24
132 129 11.00
129 133 0.37
129 134 -6.05
129 135 -6.93
136 129 7.69
128 133 12.27
131 133 12.66
132 133 11.58
130 133 10.22
134 135 -1.25
128 134 7.55
128 135 5.63
137 131 -4.63
131 138 5.51
131 139 9.14
131 136 5.19
132 140 5.73
132 138 4.12
137 132 -4.91
141 138 -4.14
142 138 -9.74
139 138 -3.53
142 139 -6.84
141 142 6.46
140 143 -2.28
140 144 -0.60
140 145 4.13
143 144 2.93
143 145 6.20
144 145 2.88
128 146 10.42
130 146 8.54
128 136 5.03
212 213 -2.10
214 212 8.58
215 212 8.83
214 213 4.82
216 217 -0.55
217 214 -1.45
216 214 -2.88
218 214 -4.60
216 219 -7.90
219 215 3.93
216 215 -3.68
218 215 -6.11
215 220 -5.32
216 218 2.98
218 221 -6.30
218 222 0.90
218 223 -2.46
223 222 2.37
216 222 2.24
216 224 -7.81
216 223 0.52
216 221 -4.35
224 223 8.19
224 220 -1.51
224 221 2.51
451 452 -1.92
452 453 -0.14
452 454 6.07
452 455 -2.58
456 453 -4.90
453 457 7.42
453 454 5.99
451 453 -1.27
457 454 -1.15
456 454 0.86
454 458 -5.35
459 454 4.39
456 458 -2.74
460 461 -3.14
462 461 -14.51
456 461 -10.78
459 461 -6.70
463 461 -14.61
464 461 -10.00
459 463 8.20
463 465 -6.59
456 463 4.14
460 463 9.93
462 463 -1.06
459 464 3.46
459 455 -4.75
459 456 4.16
456 455 -8.24
464 465 -2.36
460 466 2.02
451 466 -3.28
467 468 7.23
467 469 -9.46
467 470 -1.35
471 467 1.59
472 469 -3.39
471 469 -8.26
469 470 7.29
468 469 -15.59
472 470 5.14
471 470 -0.16
471 468 8.45
473 474 13.96
475 474 9.84
476 474 9.04
477 474 6.26
478 474 6.96
479 474 13.29
480 474 16.20
475 478 1.32
475 477 1.97
475 481 1.37
473 475 4.19
473 478 6.05
477 481 -1.49
476 477 3.21
476 481 0.99
476 479 -1.77
476 480 -6.54
482 483 -4.05
483 484 -1.65
483 485 4.23
486 483 -0.46
482 484 -6.66
487 485 4.09
487 488 3.92
487 489 -3.02
487 490 -4.16
487 491 -4.54
489 492 -0.27
482 486 -3.38
482 493 -1.56
482 494 -0.85
493 492 -4.10
495 494 6.23
495 492 2.25
495 496 4.76
497 496 -0.08
495 490 -0.14
495 488 8.55
497 498 -5.68
499 491 -0.45
500 491 0.27
501 491 0.23
500 498 0.44
500 501 -0.89
499 500 -0.75
559 560 -4.02
561 560 -11.28
562 560 -5.68
563 560 -5.84
564 560 -8.75
565 560 2.13
566 560 -6.71
560 567 7.47
568 560 -5.22
563 565 -7.81
566 565 -9.40
559 565 -6.23
561 565 -13.35
564 565 -10.01
563 566 1.32
563 569 2.67
562 563 0.96
563 570 4.50
561 562 -6.21
564 571 -7.05
564 572 -3.64
564 567 -1.00
564 569 -1.22
569 572 -1.99
569 571 -6.59
568 569 2.43
568 570 6.08
104 24 7.60
138 24 2.98
460 24 7.11
467 24 -1.94
475 24 1.64
487 24 1.07
24 567 3.07
212 32 -1.19
104 487 7.54
104 560 3.79
96 133 11.90
96 221 3.01
105 458 9.93
105 467 14.63
105 474 19.15
218 133 3.05
131 461 -0.24
131 469 -0.22
131 475 6.66
131 564 11.52
132 500 1.90
452 212 7.31
469 212 12.04
212 572 -5.02
493 213 0.69
223 477 0.78
452 470 3.68
564 453 -7.00
492 461 -4.85
456 480 -11.07
467 474 6.56
487 467 4.36
564 467 -1.93
475 560 -2.52
492 477 4.24
487 567 5.05