0 1 2.12
0 2 -12.13
0 3 -7.35
0 4 -0.59
0 5 7.30
1 2 -13.47
2 5 18.72
3 5 14.09
2 4 11.32
3 4 7.88
2 3 4.78
43 44 -2.17
45 44 -10.23
46 47 -3.93
48 47 -2.23
43 47 -1.76
49 47 3.83
43 45 6.92
49 45 13.29
46 45 5.12
48 45 6.92
43 50 -3.17
49 50 2.75
43 49 -5.55
43 51 0.14
43 52 2.79
46 43 -1.94
46 49 -8.23
49 52 8.26
53 52 2.63
51 52 3.71
51 53 -0.78
85 86 8.77
87 86 -4.45
88 86 -1.35
89 86 1.37
86 90 -5.05
87 85 -14.25
85 91 15.42
88 85 -11.37
87 88 -2.52
87 92 4.46
87 89 -5.45
87 93 -15.63
87 94 0.94
88 90 -7.17
92 93 -20.77
89 92 10.34
89 93 -10.08
89 94 6.16
95 91 4.36
90 91 11.57
95 90 -8.65
121 122 3.31
121 123 -9.26
124 122 4.25
122 123 -11.00
122 125 -6.64
122 126 -15.93
127 122 10.92
127 123 -0.53
124 125 -1.51
124 126 -10.78
127 126 -4.95
124 127 -6.28
158 159 -2.83
160 159 -9.01
161 159 -0.79
162 159 -2.40
163 159 -6.67
164 159 -19.43
165 159 -11.96
166 158 -3.19
158 164 16.88
158 165 9.29
158 167 -1.34
158 162 1.22
158 163 5.46
158 160 5.77
158 161 -2.03
166 164 12.84
164 167 -17.89
166 165 6.38
166 162 -4.39
168 169 -4.76
170 169 -15.89
171 169 -13.08
172 173 -6.72
168 173 7.39
170 173 -2.80
174 173 8.08
168 175 9.13
168 176 9.47
168 170 9.86
168 174 -0.41
172 168 -13.67
170 175 -1.53
170 176 -1.59
174 176 10.07
170 174 -9.68
172 171 -5.69
177 178 1.44
179 178 -2.75
180 178 -4.86
178 181 1.02
177 180 6.78
177 181 2.06
177 179 3.78
177 182 -0.58
179 180 3.48
179 181 -1.20
179 182 -4.46
183 184 13.16
183 185 18.93
186 184 -4.79
187 184 7.92
184 188 -11.88
188 185 17.28
189 185 10.39
186 185 0.41
187 188 -4.31
186 188 -17.43
188 189 7.22
186 189 -9.78
187 190 11.55
187 191 9.46
187 186 13.87
190 191 -1.62
192 193 -2.50
192 194 8.68
193 195 12.49
193 194 10.83
193 196 17.54
197 193 -15.51
198 193 -9.99
193 199 3.01
193 200 7.18
201 193 0.86
202 194 6.74
197 194 -5.58
195 194 -2.43
203 194 -1.52
204 197 10.08
197 195 -3.66
205 198 9.94
206 198 4.03
206 207 -8.73
207 203 14.91
207 208 6.02
205 207 -2.75
207 209 15.31
207 210 13.61
202 207 -4.72
204 196 12.38
204 199 -3.21
211 199 -9.23
204 200 1.54
205 211 11.75
206 211 5.59
204 211 7.14
211 208 -7.69
205 206 6.36
205 201 -0.87
205 204 4.40
206 210 4.68
206 209 6.67
206 204 -0.91
204 208 -1.82
202 203 9.68
225 226 -4.27
227 226 5.81
228 226 4.69
229 226 -1.09
230 226 6.12
231 226 13.28
225 227 -8.46
227 232 4.09
233 232 1.85
234 232 11.17
232 235 -9.61
236 232 -2.22
225 232 -5.05
233 234 -9.47
234 235 1.74
225 235 -15.07
233 235 -7.85
233 236 3.65
225 233 -6.30
225 228 -8.16
225 229 -2.30
225 230 -8.86
225 231 -16.09
283 284 -6.05
285 284 -2.77
286 284 -0.47
287 284 -12.10
283 288 -6.19
289 288 -1.34
283 286 -6.38
289 290 -5.01
290 291 0.87
290 292 1.52
293 291 -21.59
291 292 2.24
285 293 16.55
293 294 -5.65
293 295 -6.23
293 296 -10.79
293 297 -6.38
294 296 -4.70
294 297 -1.64
294 287 -1.30
283 294 7.26
283 295 6.49
298 299 -7.01
300 299 1.10
301 299 -4.91
302 300 -5.85
300 303 4.63
304 303 -1.11
303 305 -4.59
306 305 -1.35
304 305 -5.77
298 307 -17.33
308 307 -14.71
298 309 -1.94
310 298 2.46
306 309 4.61
311 306 1.73
311 308 5.12
311 312 3.78
306 313 0.56
314 313 0.86
302 315 -3.88
314 301 5.89
315 316 3.66
316 308 0.32
314 317 3.81
314 318 -3.23
319 318 3.44
319 315 7.71
319 310 10.34
319 317 10.62
310 312 -1.37
320 321 -12.35
321 322 11.69
323 321 -18.80
321 324 10.27
325 320 1.84
320 323 6.31
320 326 0.96
320 324 -1.95
320 327 4.93
320 328 1.53
320 329 -1.19
320 330 1.84
320 331 -1.61
320 332 -3.40
320 333 0.09
334 320 0.22
323 326 -6.13
325 323 8.11
323 322 -6.86
326 324 -2.21
326 327 3.83
332 327 8.00
327 328 -2.83
332 328 5.74
332 329 2.60
332 330 5.17
332 331 2.92
332 333 3.45
335 325 -5.43
322 336 -2.10
322 337 -8.54
322 338 2.51
322 339 4.74
336 337 -6.13
336 338 5.38
336 339 6.60
335 336 -6.67
337 338 10.83
335 334 -2.87
340 341 -6.82
341 342 1.41
341 343 5.10
344 341 0.82
345 342 -2.59
340 342 -4.29
344 342 3.88
342 346 3.85
342 347 4.55
342 348 -8.07
340 349 -7.92
345 349 -6.92
350 349 -0.26
349 351 6.25
349 352 1.67
349 353 -1.25
349 354 7.87
355 356 -1.06
345 356 -3.53
340 357 -1.95
357 355 -3.22
345 357 0.07
357 358 -0.34
340 355 -5.38
345 355 -3.26
340 359 -3.41
345 359 -2.16
345 343 -0.05
340 360 0.18
345 360 1.17
345 344 -5.90
345 350 -6.86
345 348 -10.46
345 361 2.01
345 362 11.85
345 363 -12.44
345 364 0.54
345 365 -8.66
344 363 -7.27
344 364 7.36
344 362 18.06
344 354 6.56
344 353 -1.14
344 352 1.79
344 351 4.93
344 366 -7.78
344 367 5.69
368 347 3.31
340 368 -4.13
340 346 -1.09
340 366 -15.54
340 369 0.95
340 370 -6.20
340 371 -4.57
340 372 -10.51
340 367 -2.96
340 373 -12.66
340 374 -6.93
340 375 -4.04
340 358 -1.76
340 376 -7.63
340 347 -1.74
340 377 -0.02
340 378 -11.82
379 347 -2.72
374 347 7.44
376 347 6.94
365 362 20.24
379 370 -6.00
379 365 -10.71
378 361 11.84
379 373 -14.62
378 373 -0.93
358 377 2.38
379 358 -2.95
379 378 -13.01
379 371 -4.95
379 369 0.70
379 375 -5.33
379 372 -11.71
382 383 2.12
384 383 -4.90
385 383 4.78
386 383 2.99
382 387 1.48
388 387 2.02
387 385 -3.94
389 382 2.16
382 388 -0.94
389 388 0.81
389 390 3.92
390 391 -0.88
389 386 2.90
389 392 9.76
389 393 5.37
384 392 1.26
394 393 2.97
384 393 -3.19
384 395 -9.27
384 394 -7.93
396 395 -2.48
396 391 1.94
397 398 -11.28
397 399 -8.20
400 398 -3.99
398 399 3.54
401 398 -1.02
402 398 -6.38
403 399 6.92
404 399 -6.51
401 405 -1.06
402 405 -6.16
401 406 3.25
402 406 -2.91
403 401 4.32
401 402 5.55
407 401 -1.48
408 401 0.62
409 401 -0.61
403 402 9.22
402 410 0.90
400 411 6.31
403 411 14.86
400 412 -10.50
413 412 -10.27
403 412 -1.30
400 413 0.29
403 413 8.67
400 404 5.16
400 403 -6.50
400 414 -3.34
400 407 -1.15
403 409 5.13
403 407 5.34
403 408 3.75
403 410 10.17
403 414 5.21
502 503 -0.74
504 503 9.89
505 503 14.62
506 503 11.69
507 503 10.64
508 503 12.00
504 509 -6.49
506 509 -4.28
502 509 -17.10
505 509 -2.29
504 506 -2.08
504 508 -1.35
504 510 0.28
504 511 1.26
512 504 0.92
502 506 -13.11
502 510 -10.58
512 507 1.10
507 511 1.86
512 511 3.72
512 508 0.05
513 514 0.18
514 515 -2.19
516 517 6.74
518 517 8.35
519 517 8.77
517 520 -0.97
513 520 7.79
521 520 4.17
522 519 2.51
523 519 -4.26
519 524 12.36
519 525 2.24
519 526 6.77
519 527 9.16
519 528 5.76
519 529 -0.38
519 530 -1.59
519 531 3.81
519 532 -0.25
519 533 9.96
521 519 -3.95
534 524 12.20
535 533 7.48
536 533 -1.97
537 533 8.53
538 533 1.07
522 533 13.26
523 533 6.21
536 539 -8.21
540 539 -3.28
538 541 -9.83
538 542 -5.78
538 527 2.09
538 528 -3.59
513 543 -1.21
513 544 -1.83
545 543 0.41
543 541 -2.89
545 531 3.61
545 546 9.94
546 547 -10.10
548 546 13.01
549 546 2.72
550 546 -0.56
545 534 -0.04
545 540 5.90
545 551 1.96
537 515 -2.98
537 552 2.17
537 553 -7.59
552 554 -7.93
555 554 -6.38
551 553 -6.65
535 550 8.22
556 532 -5.34
557 532 -1.32
556 530 -7.73
557 530 -3.10
556 548 -6.96
555 542 -2.63
555 547 -6.06
558 555 9.71
518 558 -4.89
516 529 -1.95
516 544 -2.55
516 549 5.34
516 525 1.47
516 526 4.71
0 86 -1.70
0 164 10.75
0 173 1.27
0 184 -0.80
0 195 2.64
0 233 1.21
0 288 -9.53
0 327 3.26
340 0 -2.53
402 0 -1.98
0 503 4.56
0 546 5.61
177 1 4.00
43 4 2.56
310 4 -0.87
235 45 12.12
402 45 2.01
87 50 -9.51
206 50 -4.69
310 50 -8.34
43 126 -6.22
43 166 1.16
43 175 7.24
43 188 -9.41
43 284 -5.82
43 327 5.98
43 341 -1.38
43 383 2.42
43 507 -1.90
43 532 -1.84
46 179 1.86
177 86 0.73
293 86 -12.50
400 85 -11.04
87 126 -11.51
87 341 -6.99
87 383 -2.74
87 507 -8.33
87 532 -7.75
88 320 -2.59
162 92 12.84
170 92 2.43
188 92 19.82
319 92 16.47
205 93 -5.76
235 94 10.93
168 121 9.06
335 121 2.79
402 122 4.66
122 505 -14.54
122 537 -8.53
162 126 -3.83
235 126 -2.50
383 126 -9.56
187 124 10.18
205 124 9.97
293 124 -9.23
319 124 10.22
158 232 6.25
158 326 3.11
340 158 -8.31
158 503 11.13
545 158 -1.79
170 166 -6.44
179 162 -6.29
187 162 3.34
205 162 3.15
293 162 -15.26
319 162 3.15
162 383 5.57
162 398 1.32
293 169 -20.41
177 173 5.15
310 173 0.97
340 173 -1.54
545 173 5.93
186 175 -2.30
170 193 -14.77
170 232 -3.07
170 326 -5.66
170 512 -12.24
396 174 -3.05
400 172 8.83
177 183 -11.70
177 197 9.55
177 232 4.70
177 289 -5.72
310 177 -4.57
177 320 -0.37
368 177 -0.12
177 503 7.84
177 519 -1.14
235 189 2.47
187 206 5.60
187 289 0.26
187 314 6.57
187 320 6.75
187 341 3.76
187 383 7.97
187 402 10.56
187 507 3.01
187 545 5.09
205 289 1.58
205 314 7.01
205 320 7.18
205 341 4.88
205 383 8.53
205 402 11.28
205 507 2.32
205 545 5.20
206 235 -4.77
235 284 -0.27
235 327 10.00
340 235 -11.61
235 383 7.71
402 235 -10.76
235 507 1.17
235 532 3.77
310 233 -1.42
391 286 -8.48
298 291 -15.67
293 340 -7.37
293 545 -14.11
294 503 0.80
283 332 -3.64
368 299 0.08
298 507 -9.40
314 320 0.03
319 545 5.18
310 397 5.06
340 320 -5.34
518 324 0.86
507 327 8.05
400 335 1.17
396 334 0.07
400 341 -4.19
340 507 -8.39
340 542 -4.82
351 392 4.56
400 383 0.58
396 502 8.31
396 520 6.29
400 505 -9.05
400 552 0.48
507 532 1.08